1.57079632679
1.0
k1 = 1.000000, k2 = 0.000000
a0 = 1.038552, a2 = -0.407288
ksai = 1.743803, m = 0.976517
